Lake:INZ001:340,375,412,448,448,427,407,383,374,360,335:47,79,92,90,279,287,305,316,316,311,313
Porter:INZ002:448,484,554,554,539,505,480,458,448:90,80,49,282,289,264,255,265,279
La Porte:INZ003:554,594,702,702,715,715,710,712,702,702,659,635,623,606,572,554:49,26,23,78,78,114,119,142,142,186,186,200,240,259,268,282
St Joseph:INZ004:702,871,872,723,723,702,702,712,710,715,715,702:23,25,163,164,186,186,142,142,119,114,78,78
Elkhart:INZ005:871,1017,1020,872:25,27,183,185
Lagrange:INZ006:1017,1185,1187,1019:27,26,139,141
Steuben:INZ007:1185,1325,1327,1187:26,24,136,139
Noble:INZ008:1019,1187,1189,1062,1062,1021:141,139,268,267,253,253
De Kalb:INZ009:1187,1327,1329,1189:139,136,263,268
Newton:INZ010:335,360,374,383,407,427,425,428,427,334:313,311,316,316,305,287,439,439,524,523
Jasper:INZ011:427,448,458,480,505,539,554,552,531,531,489,489,427,428,425:287,279,265,255,264,289,282,440,440,475,475,525,525,439,439
Starke:INZ012:554,572,606,623,635,659,723,722,553:282,268,259,240,200,186,186,314,314
Pulaski:INZ013:553,722,722,552:313,314,443,440
Marshall:INZ014:723,872,874,722:164,164,314,314
Fulton:INZ015:722,865,866,887,888,914,914,832,832,722:314,314,357,357,379,378,400,401,443,443
Kosciusko:INZ016:872,1020,1021,1008,1009,888,887,866,865,874:185,183,311,311,376,379,357,357,314,314
Whitley:INZ017:1008,1021,1021,1062,1062,1147,1146,1136,1138,1010:311,311,253,253,267,269,310,311,395,398
Allen:INZ018:1136,1146,1147,1329,1332,1138:311,310,269,263,435,438
Benton:INZ019:333,489,489,331:524,526,654,651
White:INZ020:489,531,531,681,680,616,614,615,609,609,489:476,476,440,442,528,527,541,562,562,612,611
Carrol:INZ021:616,701,701,756,755,637,636,609,609,615,614:527,529,549,550,678,678,613,612,562,562,541
Cass:INZ022:681,832,832,755,756,701,701,680:442,443,613,614,550,549,529,528
Miami:INZ023:832,914,916,944,944,832:401,400,570,570,612,613
Wabash:INZ024:914,1009,1010,1025,1027,916:378,376,398,398,569,570
Huntington:INZ025:1025,1138,1139,1027:398,395,568,569
Wells:INZ026:1138,1234,1238,1099,1098,1139:438,437,609,611,569,568
Adams:INZ027:1234,1332,1334,1238:437,435,606,609,
Warren:INZ028:331,489,489,470,459,432,413,400,398,366,359,371,372,340,340,326:651,654,708,722,724,736,761,772,777,793,805,816,823,822,812,812
Tippecanoe:INZ029:489,636,635,488:611,613,784,781
Clinton:INZ030:637,779,779,790,790,804,804,636:678,678,700,700,707,707,802,802
Howard:INZ031:755,944,944,804,804,790,790,779,779,755:614,612,690,693,707,707,700,700,678,678
Grant:INZ032:944,1098,1100,945:570,569,704,704
Blackford:INZ033:1099,1189,1189,1187,1187,1100:611,610,653,653,703,704
Jay:INZ034:1189,1334,1335,1184,1183,1187,1187,1189:610,606,735,738,703,703,653,653
Fountain:INZ035:366,398,400,413,432,459,470,489,488,365,358,362,360,360,363,361,367,371,372,371,359:793,777,772,761,736,724,722,708,911,910,906,899,891,873,867,863,852,834,823,816,805
Montgomery:INZ036:488,635,638,486:781,784,956,953
Boone:INZ037:636,804,805,636:802,802,927,927
Tipton:INZ038:804,944,945,804:693,690,782,785
Hamilton:INZ039:804,945,945,805:785,782,926,927
Madison:INZ040:945,1050,1051,945:704,704,917,918
Delaware:INZ041:1050,1183,1185,1051:704,703,852,852
Randolph:INZ042:1184,1335,1335,1186:738,735,885,887
Vermillion:INZ043:326,340,340,372,371,367,361,364,360,360,362,358,365,359,370,367,384,380,389,383,378,378,381,380,379,377,376,374,372,373,377,377,322:812,812,822,823,834,852,863,867,873,891,899,906,910,919,923,927,943,948,955,967,967,981,989,997,1017,1027,1035,1049,1055,1061,1075,1079,1078
Parke:INZ044:365,488,486,518,515,377,377,373,372,374,376,377,379,380,381,378,378,383,389,380,384,367,370,359:910,911,953,954,1084,1079,1075,1063,1055,1049,1035,1027,1017,997,989,981,967,967,955,948,943,927,923,919
Putnam:INZ045:518,638,637,654,654,649,649,649,637,637,515:954,956,1072,1071,1077,1085,1104,1112,1123,1150,1147
Hendricks:INZ046:636,772,771,720,720,649,654,654,637,638,636:927,928,1071,1072,1086,1085,1077,1071,1072,956,927
Marion:INZ047:772,917,917,911,912,771:928,926,954,955,1069,1071
Hancock:INZ048:945,1051,1052,1044,1044,1031,1031,912,911,954:918,917,952,953,995,995,1038,1040,955,917
Henry:INZ049:1051,1185,1186,1191,1192,1184,1184,1044,1044,1052:852,852,887,887,951,951,993,995,953,952
Wayne:INZ050:1191,1335,1336,1255,1255,1198,1199,1184,1184,1192:887,885,1022,1022,1029,1029,993,993,951,951
Vigo:INZ051:322,455,444,431,428,300,294,290,291,295,290,300,312,321:1078,1081,1124,1123,1251,1250,1253,1250,1236,1231,1226,1212,1210,1206
Clay:INZ052:432,444,445,515,515,541,540,498,496,428:1123,1124,1081,1084,1147,1148,1212,1212,1296,1295
Owen:INZ053:541,657,657,650,648,637,637,496,498,540:1148,1151,1211,1207,1218,1216,1299,1296,1212,1212
Morgan:INZ054:649,720,720,801,801,657,657,637,637,649:1085,1086,1072,1071,1214,1214,1151,1150,1123,1113
Johnson:INZ055:801,912,912,801:1071,1069,1212,1214
Shelby:INZ056:912,1031,1033,912:1040,1038,1209,1212
Rush:INZ057:1031,1155,1158,1033:995,993,1159,1160
Fayette:INZ058:1155,1199,1198,1255,1255,1156:993,993,1029,1029,1121,1123
Union:INZ059:1255,1336,1337,1255:1022,1022,1123,1121
Sullivan:INZ060:300,428,424,322,319,321,321,324,303,301,304,301,303,293,287,285,275,280,272,277,284,280,286,286,302:1250,1251,1426,1425,1419,1415,1405,1400,1383,1376,1367,1357,1349,1336,1334,1324,1322,1319,1310,1302,1301,1296,1291,1287,1275
Green:INZ061:428,637,635,424:1295,1299,1427,1426
Monroe:INZ062:637,648,650,657,657,751,751,754,754,774,774,635:1216,1218,1207,1211,1214,1215,1258,1258,1358,1358,1385,1385
Brown:INZ063:751,862,863,754,754,751:1215,1212,1358,1358,1258,1258
Bartholomew:INZ064:862,1012,1012,970,970,962,947,864:1212,1210,1318,1319,1348,1348,1362,1365,
Decatur:INZ065:1033,1158,1159,1058,1012,1012,1033:1160,1159,1249,1317,1318,1210,1209
Franklin:INZ066:1156,1337,1337,1187,1159:1123,1123,1229,1230,1249
Knox:INZ067:322,480,480,468,460,461,445,425,424,418,418,425,416,418,410,417,425,423,417,405,399,381,374,377,374,369,369,350,337,327,308,296,293,289,271,271,258,262,245,233,234,237,230,234,246,259,269,269,262,273,282,278,281,291,315,321,328,328,318,316,310,313:1425,1426,1430,1436,1446,1459,1455,1468,1487,1488,1495,1506,1511,1516,1530,1542,1559,1603,1613,1620,1620,1604,1604,1613,1619,1614,1606,1605,1608,1621,1628,1628,1631,1643,1650,1645,1649,1655,1663,1663,1654,1648,1643,1635,1633,1622,1621,1613,1601,1580,1580,1571,1555,1542,1533,1517,1505,1483,1467,1450,1445,1431
Daviess:INZ068:480,552,552,544,543,537,536,531,531,516,500,491,487,473,461,462,456,455,449,438,430,423,417,410,418,416,425,418,418,424,425,445,461,460,468,480:1426,1427,1470,1470,1624,1625,1631,1631,1624,1620,1620,1626,1619,1608,1612,1616,1618,1612,1610,1600,1606,1603,1542,1530,1516,1511,1506,1495,1488,1487,1468,1455,1459,1446,1436,1430
Martin:INZ069:552,635,635,576,576,562,561,554,551,546,543:1427,1427,1614,1614,1618,1624,1629,1629,1626,1628,1624
Lawrence:INZ070:635,789,790,784,777,777,635:1385,1386,1498,1512,1513,1536,1536
Jackson:INZ071:774,863,864,947,962,970,970,966,958,958,954,949,942,936,932,909,903,898,889,878,857,856,842,831,817,803,790,789,774:1358,1358,1365,1362,1348,1348,1478,1492,1498,1505,1511,1513,1516,1513,1504,1499,1504,1497,1502,1500,1490,1497,1499,1493,1489,1497,1498,1386,1385
Jennings:INZ072:970,1058,1105,1104,1069,1069,1055,1055,1041,1041,1013,1013,1006,994,970:1319,1317,1285,1424,1425,1440,1440,1454,1454,1468,1469,1473,1473,1469,1478
Ripley:INZ073:1105,1187,1245,1219,1195,1195,1104:1285,1230,1229,1415,1416,1422,1424
Dearborn:INZ074:1245,1337,1338,1312,1310,1317,1305,1292,1291,1272,1271,1260,1250,1239,1236,1227,1221:1229,1229,1327,1347,1354,1365,1371,1376,1381,1382,1390,1392,1406,1405,1412,1412,1408
Ohio:INZ075:1221,1227,1236,1239,1250,1260,1271,1272,1291,1292,1305,1317,1333,1333,1318,1317,1321,1218,1219:1408,1412,1412,1405,1406,1392,1390,1382,1381,1376,1371,1365,1390,1398,1415,1423,1428,1429,1415
Orange:INZ076:635,777,777,635:1536,1536,1679,1678
Washington:INZ077:777,784,790,803,817,831,842,856,857,878,889,898,903,909,932,936,938,951,952,945,945,938,938,911,911,897,896,777:1513,1512,1498,1497,1489,1493,1499,1497,1490,1500,1502,1497,1504,1499,1504,1513,1591,1591,1605,1605,1619,1619,1627,1627,1634,1634,1669,1667
Scott:INZ078:936,942,949,954,958,958,966,970,994,1006,1013,1013,1021,1021,1028,1028,1042,1042,1057,1057,972,972,962,962,952,951,938:1513,1516,1513,1511,1505,1498,1492,1478,1469,1473,1473,1511,1511,1515,1515,1526,1526,1540,1540,1575,1576,1584,1591,1598,1598,1591,1591
Jefferson:INZ079:1014,1041,1041,1055,1055,1069,1069,1195,1196,1176,1158,1139,1114,1099,1106,1109,1092,1092,1085,1085,1057,1057,1042,1042,1028,1028,1021,1021,1013:1469,1468,1454,1454,1440,1440,1425,1422,1532,1510,1508,1512,1511,1531,1550,1585,1585,1582,1582,1575,1575,1540,1540,1526,1526,1515,1515,1511,1511
Switzerland:INZ080:1195,1219,1218,1321,1342,1351,1349,1336,1341,1341,1318,1297,1275,1242,1210,1196:1416,1415,1429,1428,1432,1438,1448,1464,1477,1484,1481,1489,1489,1509,1532,1532
Gibson:INZ081:233,245,262,258,271,271,289,293,296,308,327,337,337,345,345,358,358,393,392,334,334,249,249,207,207,140,139,146,151,155,152,162,161,166,181,183,188,197,201,207,216:1663,1663,1655,1649,1646,1650,1643,1631,1628,1628,1621,1608,1640,1641,1656,1656,1683,1685,1770,1770,1789,1786,1769,1769,1756,1753,1742,1750,1742,1738,1733,1721,1732,1736,1717,1730,1733,1724,1700,1691,1688
Pike:INZ082:337,350,369,369,374,377,374,381,399,405,417,423,430,438,449,455,456,462,461,473,487,485,399,399,392,393,358,358,345,345,337:1608,1605,1606,1614,1619,1613,1604,1604,1620,1620,1613,1603,1606,1600,1610,1612,1618,1616,1612,1608,1619,1758,1757,1750,1750,1685,1683,1656,1656,1641,1640
Dubois:INZ083:487,491,500,516,531,531,536,537,543,546,551,554,561,562,576,576,635,635,591,591,485:1619,1626,1620,1620,1624,1631,1631,1625,1624,1628,1626,1629,1629,1624,1618,1614,1614,1751,1751,1771,1770
Crawford:INZ084:635,777,777,797,798,800,795,792,789,795,789,788,781,777,775,757,750,751,768,768,765,749,741,718,718,676,676,635:1678,1679,1667,1667,1674,1685,1688,1696,1716,1723,1737,1762,1764,1775,1786,1776,1781,1791,1799,1806,1809,1810,1819,1813,1771,1771,1744,1744
Posey:INZ085:140,207,207,249,249,245,242,220,208,193,169,148,160,161,143,126,114,99,98,111,120,105,97,122,122,105,106,118,118,126,121,127,117,118,129,146,146,128,128,140,143,152,164,142:1753,1756,1769,1769,1807,1807,1918,1920,1927,1927,1901,1925,1943,1959,1975,1963,1958,1958,1950,1953,1947,1934,1914,1920,1907,1905,1901,1902,1887,1880,1862,1852,1849,1843,1843,1832,1817,1822,1816,1813,1805,1804,1789,1770
Vanderburgh:INZ086:249,334,332,331,339,338,315,298,284,277,269,281,284,273,260,252,252,257,250,242:1786,1789,1809,1852,1852,1898,1913,1902,1881,1894,1906,1924,1934,1951,1954,1950,1937,1925,1916,1918
Warrick:INZ087:334,392,392,399,399,485,485,506,506,484,483,474,478,464,461,454,453,446,445,425,423,418,409,408,358,338,339,331,332,334:1770,1770,1750,1750,1757,1758,1770,1771,1813,1812,1825,1842,1847,1850,1844,1844,1862,1863,1868,1885,1895,1896,1907,1930,1898,1898,1852,1852,1809,1789
Spencer:INZ088:506,591,588,588,591,586,594,600,600,596,601,595,598,588,584,577,564,544,516,492,491,483,471,461,455,446,425,408,409,418,423,425,445,446,453,454,461,464,478,474,483,484,505:1771,1782,1784,1792,1796,1803,1822,1823,1831,1835,1844,1847,1874,1869,1873,1873,1879,1900,1906,1923,1939,1966,1976,1975,1959,1949,1944,1930,1907,1896,1895,1885,1868,1863,1862,1844,1844,1850,1847,1842,1825,1812,1812
Perry:INZ089:591,635,635,676,676,718,718,716,725,726,721,702,694,692,697,697,692,667,663,662,652,642,646,644,634,621,614,606,592,584,588,598,595,601,596,600,600,594,586,591,588,588,591:1751,1751,1744,1744,1771,1771,1813,1823,1831,1839,1847,1850,1855,1888,1901,1908,1912,1913,1919,1939,1949,1949,1924,1918,1915,1924,1924,1915,1882,1873,1869,1874,1847,1844,1835,1831,1823,1822,1803,1796,1792,1784,1782
Harrison:INZ090:797,882,881,888,888,896,896,904,904,911,913,932,929,929,924,917,881,877,860,845,830,791,789,791,775,777,781,788,789,795,789,792,795,800,798:1667,1669,1712,1712,1726,1726,1739,1739,1746,1746,1783,1783,1791,1830,1858,1868,1877,1892,1869,1865,1868,1843,1829,1807,1786,1775,1764,1762,1737,1723,1716,1696,1687,1685,1674
Floyd:INZ091:882,896,896,967,984,972,976,974,963,957,952,932,913,911,904,904,896,896,888,888,881:1669,1669,1676,1675,1702,1711,1716,1731,1735,1744,1762,1783,1783,1746,1746,1739,1739,1726,1726,1712,1712
Clark:INZ092:897,911,911,938,938,945,945,952,952,962,962,972,972,1085,1085,1092,1092,1109,1114,1111,1095,1083,1053,1040,1032,1029,1018,1011,993,987,979,974,976,972,984,967,896:1634,1634,1627,1627,1619,1619,1605,1605,1598,1598,1591,1584,1576,1575,1582,1582,1586,1585,1598,1611,1622,1642,1650,1661,1680,1702,1722,1731,1740,1740,1731,1731,1716,1711,1702,1675,1676